Wed Aug 09 2017 00:00:00 GMT+0200 (W. Europe Daylight Time),5924.16
Wed Aug 09 2017 00:05:00 GMT+0200 (W. Europe Daylight Time),5924.16
Wed Aug 09 2017 00:10:00 GMT+0200 (W. Europe Daylight Time),5924.16
Wed Aug 09 2017 00:15:00 GMT+0200 (W. Europe Daylight Time),5924.16
Wed Aug 09 2017 00:20:00 GMT+0200 (W. Europe Daylight Time),5924.16
Wed Aug 09 2017 00:25:00 GMT+0200 (W. Europe Daylight Time),5924.16
Wed Aug 09 2017 00:30:00 GMT+0200 (W. Europe Daylight Time),5924.16
Wed Aug 09 2017 00:35:00 GMT+0200 (W. Europe Daylight Time),5924.16
Wed Aug 09 2017 00:40:00 GMT+0200 (W. Europe Daylight Time),5924.16
Wed Aug 09 2017 00:45:00 GMT+0200 (W. Europe Daylight Time),5924.16
Wed Aug 09 2017 00:50:00 GMT+0200 (W. Europe Daylight Time),5924.16
Wed Aug 09 2017 00:55:00 GMT+0200 (W. Europe Daylight Time),5924.16
Wed Aug 09 2017 01:00:00 GMT+0200 (W. Europe Daylight Time),4835.28
Wed Aug 09 2017 01:05:00 GMT+0200 (W. Europe Daylight Time),5931.96
Wed Aug 09 2017 01:10:00 GMT+0200 (W. Europe Daylight Time),5931.96
Wed Aug 09 2017 01:15:00 GMT+0200 (W. Europe Daylight Time),5931.96
Wed Aug 09 2017 01:20:00 GMT+0200 (W. Europe Daylight Time),5903.4
Wed Aug 09 2017 01:25:00 GMT+0200 (W. Europe Daylight Time),5903.4
Wed Aug 09 2017 01:30:00 GMT+0200 (W. Europe Daylight Time),5903.4
Wed Aug 09 2017 01:35:00 GMT+0200 (W. Europe Daylight Time),5903.4
Wed Aug 09 2017 01:40:00 GMT+0200 (W. Europe Daylight Time),5903.4
Wed Aug 09 2017 01:45:00 GMT+0200 (W. Europe Daylight Time),5903.4
Wed Aug 09 2017 01:50:00 GMT+0200 (W. Europe Daylight Time),5903.4
Wed Aug 09 2017 01:55:00 GMT+0200 (W. Europe Daylight Time),5903.4
Wed Aug 09 2017 02:00:00 GMT+0200 (W. Europe Daylight Time),5903.4
Wed Aug 09 2017 02:05:00 GMT+0200 (W. Europe Daylight Time),5903.4
Wed Aug 09 2017 02:10:00 GMT+0200 (W. Europe Daylight Time),5903.4
Wed Aug 09 2017 02:15:00 GMT+0200 (W. Europe Daylight Time),5903.4
Wed Aug 09 2017 02:20:00 GMT+0200 (W. Europe Daylight Time),5941.08
Wed Aug 09 2017 02:25:00 GMT+0200 (W. Europe Daylight Time),6091.56
Wed Aug 09 2017 02:30:00 GMT+0200 (W. Europe Daylight Time),6091.56
Wed Aug 09 2017 02:35:00 GMT+0200 (W. Europe Daylight Time),6091.56
Wed Aug 09 2017 02:40:00 GMT+0200 (W. Europe Daylight Time),6022.44
Wed Aug 09 2017 02:45:00 GMT+0200 (W. Europe Daylight Time),5918.64
Wed Aug 09 2017 02:50:00 GMT+0200 (W. Europe Daylight Time),5918.64
Wed Aug 09 2017 02:55:00 GMT+0200 (W. Europe Daylight Time),5918.64
Wed Aug 09 2017 03:00:00 GMT+0200 (W. Europe Daylight Time),5918.64
Wed Aug 09 2017 03:05:00 GMT+0200 (W. Europe Daylight Time),5918.64
Wed Aug 09 2017 03:10:00 GMT+0200 (W. Europe Daylight Time),5918.64
Wed Aug 09 2017 03:15:00 GMT+0200 (W. Europe Daylight Time),5918.64
Wed Aug 09 2017 03:20:00 GMT+0200 (W. Europe Daylight Time),5918.64
Wed Aug 09 2017 03:25:00 GMT+0200 (W. Europe Daylight Time),5918.64
Wed Aug 09 2017 03:30:00 GMT+0200 (W. Europe Daylight Time),5918.64
Wed Aug 09 2017 03:35:00 GMT+0200 (W. Europe Daylight Time),5918.64
Wed Aug 09 2017 03:40:00 GMT+0200 (W. Europe Daylight Time),5714.04
Wed Aug 09 2017 03:45:00 GMT+0200 (W. Europe Daylight Time),5577.6
Wed Aug 09 2017 03:50:00 GMT+0200 (W. Europe Daylight Time),5577.6
Wed Aug 09 2017 03:55:00 GMT+0200 (W. Europe Daylight Time),5577.6
Wed Aug 09 2017 04:00:00 GMT+0200 (W. Europe Daylight Time),5577.6
Wed Aug 09 2017 04:05:00 GMT+0200 (W. Europe Daylight Time),5775.72
Wed Aug 09 2017 04:10:00 GMT+0200 (W. Europe Daylight Time),5907.72
Wed Aug 09 2017 04:15:00 GMT+0200 (W. Europe Daylight Time),5907.72
Wed Aug 09 2017 04:20:00 GMT+0200 (W. Europe Daylight Time),5907.72
Wed Aug 09 2017 04:25:00 GMT+0200 (W. Europe Daylight Time),5907.72
Wed Aug 09 2017 04:30:00 GMT+0200 (W. Europe Daylight Time),5907.72
Wed Aug 09 2017 04:35:00 GMT+0200 (W. Europe Daylight Time),5907.72
Wed Aug 09 2017 04:40:00 GMT+0200 (W. Europe Daylight Time),5907.72
Wed Aug 09 2017 04:45:00 GMT+0200 (W. Europe Daylight Time),5907.72
Wed Aug 09 2017 04:50:00 GMT+0200 (W. Europe Daylight Time),5907.72
Wed Aug 09 2017 04:55:00 GMT+0200 (W. Europe Daylight Time),5907.72
Wed Aug 09 2017 05:00:00 GMT+0200 (W. Europe Daylight Time),4781.52
Wed Aug 09 2017 05:05:00 GMT+0200 (W. Europe Daylight Time),5880
Wed Aug 09 2017 05:10:00 GMT+0200 (W. Europe Daylight Time),5772
Wed Aug 09 2017 05:15:00 GMT+0200 (W. Europe Daylight Time),5820
Wed Aug 09 2017 05:20:00 GMT+0200 (W. Europe Daylight Time),5808
Wed Aug 09 2017 05:25:00 GMT+0200 (W. Europe Daylight Time),5868
Wed Aug 09 2017 05:30:00 GMT+0200 (W. Europe Daylight Time),5652
Wed Aug 09 2017 05:35:00 GMT+0200 (W. Europe Daylight Time),5856
Wed Aug 09 2017 05:40:00 GMT+0200 (W. Europe Daylight Time),6396
Wed Aug 09 2017 05:45:00 GMT+0200 (W. Europe Daylight Time),6024
Wed Aug 09 2017 05:50:00 GMT+0200 (W. Europe Daylight Time),6372
Wed Aug 09 2017 05:55:00 GMT+0200 (W. Europe Daylight Time),6360
Wed Aug 09 2017 06:00:00 GMT+0200 (W. Europe Daylight Time),6288
Wed Aug 09 2017 06:05:00 GMT+0200 (W. Europe Daylight Time),6228
Wed Aug 09 2017 06:10:00 GMT+0200 (W. Europe Daylight Time),6528
Wed Aug 09 2017 06:15:00 GMT+0200 (W. Europe Daylight Time),6840
Wed Aug 09 2017 06:20:00 GMT+0200 (W. Europe Daylight Time),6492
Wed Aug 09 2017 06:25:00 GMT+0200 (W. Europe Daylight Time),6396
Wed Aug 09 2017 06:30:00 GMT+0200 (W. Europe Daylight Time),6300
Wed Aug 09 2017 06:35:00 GMT+0200 (W. Europe Daylight Time),6192
Wed Aug 09 2017 06:40:00 GMT+0200 (W. Europe Daylight Time),7308
Wed Aug 09 2017 06:45:00 GMT+0200 (W. Europe Daylight Time),8460
Wed Aug 09 2017 06:50:00 GMT+0200 (W. Europe Daylight Time),8532
Wed Aug 09 2017 06:55:00 GMT+0200 (W. Europe Daylight Time),8088
Wed Aug 09 2017 07:00:00 GMT+0200 (W. Europe Daylight Time),6624
Wed Aug 09 2017 07:05:00 GMT+0200 (W. Europe Daylight Time),6948
Wed Aug 09 2017 07:10:00 GMT+0200 (W. Europe Daylight Time),6972
Wed Aug 09 2017 07:15:00 GMT+0200 (W. Europe Daylight Time),8064
Wed Aug 09 2017 07:20:00 GMT+0200 (W. Europe Daylight Time),9588
Wed Aug 09 2017 07:25:00 GMT+0200 (W. Europe Daylight Time),9072
Wed Aug 09 2017 07:30:00 GMT+0200 (W. Europe Daylight Time),9144
Wed Aug 09 2017 07:35:00 GMT+0200 (W. Europe Daylight Time),7716
Wed Aug 09 2017 07:40:00 GMT+0200 (W. Europe Daylight Time),7440
Wed Aug 09 2017 07:45:00 GMT+0200 (W. Europe Daylight Time),7716
Wed Aug 09 2017 07:50:00 GMT+0200 (W. Europe Daylight Time),7284
Wed Aug 09 2017 07:55:00 GMT+0200 (W. Europe Daylight Time),7536
Wed Aug 09 2017 08:00:00 GMT+0200 (W. Europe Daylight Time),7488
Wed Aug 09 2017 08:05:00 GMT+0200 (W. Europe Daylight Time),7752
Wed Aug 09 2017 08:10:00 GMT+0200 (W. Europe Daylight Time),8244
Wed Aug 09 2017 08:15:00 GMT+0200 (W. Europe Daylight Time),8196
Wed Aug 09 2017 08:20:00 GMT+0200 (W. Europe Daylight Time),7908
Wed Aug 09 2017 08:25:00 GMT+0200 (W. Europe Daylight Time),8412
Wed Aug 09 2017 08:30:00 GMT+0200 (W. Europe Daylight Time),9060
Wed Aug 09 2017 08:35:00 GMT+0200 (W. Europe Daylight Time),10908
Wed Aug 09 2017 08:40:00 GMT+0200 (W. Europe Daylight Time),10056
Wed Aug 09 2017 08:45:00 GMT+0200 (W. Europe Daylight Time),9180
Wed Aug 09 2017 08:50:00 GMT+0200 (W. Europe Daylight Time),9468
Wed Aug 09 2017 08:55:00 GMT+0200 (W. Europe Daylight Time),8604
Wed Aug 09 2017 09:00:00 GMT+0200 (W. Europe Daylight Time),10032